================================================================================
GCP RMSE REPORT
================================================================================

Number of GCPs: 14
Target CRS: EPSG:32639

RMSE X (Easting): 1029.0917 meters
RMSE Y (Northing): 662.0378 meters
Total RMSE: 1223.6518 meters
Total RMSE: 40.7583 pixels

GCP Table with Individual Errors:
--------------------------------------------------------------------------------
       map_x      map_y   img_x   img_y  Error_X (m)  Error_Y (m)  Total_Error (m)
1   649512.5  3276850.0  174.00   64.00 -1275.270099   646.293956      1429.688673
2   650437.5  3275575.0  209.00  101.00 -1149.493824   810.473323      1406.486068
3   649787.5  3273812.5  198.00  162.00  -829.737796   741.620388      1112.863698
4   645762.5  3272450.0   70.00  221.00  -647.576743   332.811811       728.092947
5   645750.0  3277737.5   44.00   51.00 -1415.653404   149.082287      1423.481678
6   647675.0  3274650.0  123.00  143.00  -968.901242   474.541794      1078.869561
7   650687.5  3274150.0  225.00  146.00  -919.138956   884.475256      1275.583356
8   650587.5  3268562.5  248.00  330.00  -128.628833   947.894270       956.581896
9   649225.0  3277512.5  159.00   42.00 -1438.102788   644.281900      1575.829558
10  647875.0  3272075.0  141.67  227.67  -608.387155   507.563875       792.310556
11  650950.0  3273200.0  237.22  175.56  -814.767925   947.019637      1249.276977
12  646200.0  3275000.0   72.89  139.22  -998.312645   238.025632      1026.296418
13  647550.0  3276975.0  107.44   68.22 -1311.046351   394.600360      1369.142790
14  650375.0  3275250.0  209.50  111.14 -1071.982735   831.048425      1356.388023
